	0  0.000773000
	1  0.000821000
	2  0.000871000
	3  0.000875000
	4  0.001775000
	5  0.001775000
	6  0.001778000
	7  0.001779000
	8  0.001788000
	9  0.001853000
	10  0.001854000
	11  0.001859000
	12  0.001866000
	13  0.001871000
	14  0.001874000
	15  0.001875000
	16  0.001876000
	17  0.001886000
	18  0.001890000
	19  0.001895000
	20  0.002835000
	21  0.002861000
	22  0.002865000
	23  0.002866000
	24  0.002873000
	25  0.002880000
	26  0.002891000
	27  0.003763000
	28  0.003774000
	29  0.003779000
	30  0.003787000
	31  0.003812000
	32  0.003855000
	33  0.003858000
	34  0.003859000
	35  0.003865000
	36  0.003866000
	37  0.003868000
	38  0.003869000
	39  0.003869000
	40  0.003872000
	41  0.003876000
	42  0.003884000
	43  0.003914000
	44  0.004780000
	45  0.004789000
	46  0.004798000
	47  0.004847000
	48  0.004854000
	49  0.004857000
	50  0.004859000
	51  0.004860000
	52  0.004863000
	53  0.004870000
	54  0.004870000
	55  0.004875000
	56  0.004875000
	57  0.004878000
	58  0.004892000
	59  0.005859000
	60  0.005863000
	61  0.005863000
	62  0.005864000
	63  0.005864000
	64  0.005868000
	65  0.005869000
	66  0.005872000
	67  0.005873000
	68  0.005877000
	69  0.005899000
	70  0.006781000
	71  0.006821000
	72  0.006851000
	73  0.006857000
	74  0.006858000
	75  0.006860000
	76  0.006865000
	77  0.006870000
	78  0.006877000
	79  0.006882000
	80  0.006890000
	81  0.007804000
	82  0.007812000
	83  0.007858000
	84  0.007871000
	85  0.007871000
	86  0.007872000
	87  0.007876000
	88  0.007887000
	89  0.007894000
	90  0.008834000
	91  0.008850000
	92  0.008857000
	93  0.008865000
	94  0.008867000
	95  0.008870000
	96  0.008876000
	97  0.008878000
	98  0.008881000
	99  0.009804000
	100  0.009813000
	101  0.009860000
	102  0.009863000
	103  0.009866000
	104  0.009867000
	105  0.009869000
	106  0.009879000
	107  0.009889000
	108  0.010781000
	109  0.010788000
	110  0.010788000
	111  0.010796000
	112  0.010838000
	113  0.010840000
	114  0.010856000
	115  0.010859000
	116  0.010861000
	117  0.010864000
	118  0.010865000
	119  0.010865000
	120  0.010866000
	121  0.010866000
	122  0.010867000
	123  0.010868000
	124  0.010873000
	125  0.010877000
	126  0.010880000
	127  0.010885000
	128  0.010887000
	129  0.010887000
	130  0.011835000
	131  0.011844000
	132  0.011851000
	133  0.011855000
	134  0.011863000
	135  0.011863000
	136  0.011865000
	137  0.011867000
	138  0.011869000
	139  0.011872000
	140  0.011874000
	141  0.011881000
	142  0.011881000
	143  0.011890000
	144  0.012780000
	145  0.012854000
	146  0.012856000
	147  0.012856000
	148  0.012856000
	149  0.012860000
	150  0.012864000
	151  0.012872000
	152  0.012872000
	153  0.012874000
	154  0.012875000
	155  0.012876000
	156  0.012877000
	157  0.012877000
	158  0.012882000
	159  0.012892000
	160  0.013796000
	161  0.013839000
	162  0.013863000
	163  0.013868000
	164  0.013871000
	165  0.013878000
	166  0.013878000
	167  0.013904000
	168  0.014806000
	169  0.014816000
	170  0.014830000
	171  0.014856000
	172  0.014863000
	173  0.014864000
	174  0.014868000
	175  0.014869000
	176  0.014872000
	177  0.014874000
	178  0.014875000
	179  0.014876000
	180  0.014878000
	181  0.014879000
	182  0.015777000
	183  0.015794000
	184  0.015845000
	185  0.015852000
	186  0.015853000
	187  0.015858000
	188  0.015860000
	189  0.015862000
	190  0.015863000
	191  0.015864000
	192  0.015864000
	193  0.015869000
	194  0.015871000
	195  0.015872000
	196  0.015873000
	197  0.015975000
	198  0.016833000
	199  0.016851000
	200  0.016853000
	201  0.016858000
	202  0.016859000
	203  0.016861000
	204  0.016861000
	205  0.016865000
	206  0.016865000
	207  0.016867000
	208  0.016871000
	209  0.016872000
	210  0.016875000
	211  0.016881000
	212  0.016884000
	213  0.017859000
	214  0.017860000
	215  0.017863000
	216  0.017864000
	217  0.017866000
	218  0.017868000
	219  0.017868000
	220  0.018777000
	221  0.018852000
	222  0.018854000
	223  0.018857000
	224  0.018863000
	225  0.018876000
	226  0.018881000
	227  0.019769000
	228  0.019860000
	229  0.019866000
	230  0.019867000
	231  0.019870000
	232  0.019883000
	233  0.020796000
	234  0.020821000
	235  0.020826000
	236  0.020840000
	237  0.020847000
	238  0.020852000
	239  0.020852000
	240  0.020855000
	241  0.020864000
	242  0.020864000
	243  0.020866000
	244  0.020869000
	245  0.020874000
	246  0.020877000
	247  0.020885000
	248  0.020889000
	249  0.021848000
	250  0.021852000
	251  0.021853000
	252  0.021862000
	253  0.021870000
	254  0.021870000
	255  0.021870000
	256  0.021872000
	257  0.021875000
	258  0.021878000
	259  0.021893000
	260  0.022824000
	261  0.022835000
	262  0.022836000
	263  0.022845000
	264  0.022857000
	265  0.022860000
	266  0.022868000
	267  0.022872000
	268  0.022881000
	269  0.022881000
	270  0.022889000
	271  0.022896000
	272  0.023824000
	273  0.023840000
	274  0.023852000
	275  0.023858000
	276  0.023862000
	277  0.023865000
	278  0.023865000
	279  0.023867000
	280  0.023873000
	281  0.023874000
	282  0.023876000
	283  0.023890000
	284  0.023895000
	285  0.024803000
	286  0.024836000
	287  0.024837000
	288  0.024849000
	289  0.024851000
	290  0.024852000
	291  0.024857000
	292  0.024860000
	293  0.024864000
	294  0.024865000
	295  0.024867000
	296  0.024875000
	297  0.024875000
	298  0.024876000
	299  0.024879000
	300  0.024879000
	301  0.024882000
	302  0.024918000
	303  0.025805000
	304  0.025824000
	305  0.025829000
	306  0.025836000
	307  0.025843000
	308  0.025861000
	309  0.025864000
	310  0.025871000
	311  0.025883000
	312  0.025883000
	313  0.025885000
	314  0.025889000
	315  0.025893000
	316  0.026754000
	317  0.026787000
	318  0.026789000
	319  0.026792000
	320  0.026847000
	321  0.026849000
	322  0.026850000
	323  0.026853000
	324  0.026855000
	325  0.026869000
	326  0.026871000
	327  0.026883000
	328  0.026890000
	329  0.027802000
	330  0.027827000
	331  0.027834000
	332  0.027847000
	333  0.027865000
	334  0.027865000
	335  0.027867000
	336  0.027867000
	337  0.027868000
	338  0.027868000
	339  0.027871000
	340  0.027883000
	341  0.027931000
	342  0.028837000
	343  0.028842000
	344  0.028849000
	345  0.028858000
	346  0.028858000
	347  0.028862000
	348  0.028863000
	349  0.028875000
	350  0.028875000
	351  0.028886000
	352  0.028886000
	353  0.028889000
	354  0.029785000
	355  0.029851000
	356  0.029858000
	357  0.029859000
	358  0.029869000
	359  0.029871000
	360  0.029871000
	361  0.029873000
	362  0.029876000
	363  0.029878000
	364  0.029883000
	365  0.030782000
	366  0.030841000
	367  0.030847000
	368  0.030848000
	369  0.030867000
	370  0.030868000
	371  0.030870000
	372  0.030871000
	373  0.030877000
	374  0.030879000
	375  0.030880000
	376  0.031851000
	377  0.031855000
	378  0.031863000
	379  0.031865000
	380  0.031869000
	381  0.031869000
	382  0.031874000
	383  0.031874000
	384  0.031877000
	385  0.031878000
	386  0.031881000
	387  0.031895000
	388  0.032838000
	389  0.032855000
	390  0.032857000
	391  0.032864000
	392  0.032869000
	393  0.032878000
	394  0.032883000
	395  0.032889000
	396  0.032908000
	397  0.033828000
	398  0.033841000
	399  0.033846000
	400  0.033857000
	401  0.033858000
	402  0.033863000
	403  0.033865000
	404  0.033866000
	405  0.033870000
	406  0.033871000
	407  0.033876000
	408  0.033877000
	409  0.033884000
	410  0.033888000
	411  0.034826000
	412  0.034858000
	413  0.034860000
	414  0.034861000
	415  0.034869000
	416  0.034873000
	417  0.034874000
	418  0.034878000
	419  0.034889000
	420  0.035787000
	421  0.035826000
	422  0.035848000
	423  0.035857000
	424  0.035860000
	425  0.035861000
	426  0.035865000
	427  0.035865000
	428  0.035867000
	429  0.035868000
	430  0.035877000
	431  0.035877000
	432  0.035882000
	433  0.036855000
	434  0.036862000
	435  0.036864000
	436  0.036865000
	437  0.036865000
	438  0.036871000
	439  0.036872000
	440  0.036884000
	441  0.037851000
	442  0.037852000
	443  0.037856000
	444  0.037859000
	445  0.037862000
	446  0.037864000
	447  0.037868000
	448  0.037869000
	449  0.037870000
	450  0.037872000
	451  0.037875000
	452  0.037876000
	453  0.038846000
	454  0.038852000
	455  0.038855000
	456  0.038856000
	457  0.038858000
	458  0.038860000
	459  0.038865000
	460  0.038866000
	461  0.038869000
	462  0.038869000
	463  0.038878000
	464  0.038887000
	465  0.039844000
	466  0.039851000
	467  0.039852000
	468  0.039858000
	469  0.039861000
	470  0.039862000
	471  0.039862000
	472  0.039864000
	473  0.039865000
	474  0.039870000
	475  0.039875000
	476  0.040844000
	477  0.040858000
	478  0.040859000
	479  0.040862000
	480  0.040869000
	481  0.040869000
	482  0.040870000
	483  0.040870000
	484  0.040881000
	485  0.040886000
	486  0.041850000
	487  0.041863000
	488  0.041863000
	489  0.041864000
	490  0.041866000
	491  0.041871000
	492  0.041873000
	493  0.041875000
	494  0.041884000
	495  0.042852000
	496  0.042856000
	497  0.042858000
	498  0.042861000
	499  0.042866000
	500  0.042867000
	501  0.042872000
	502  0.042882000
	503  0.042891000
	504  0.043808000
	505  0.043854000
	506  0.043856000
	507  0.043865000
	508  0.043868000
	509  0.043869000
	510  0.043872000
	511  0.043874000
	512  0.044816000
	513  0.044838000
	514  0.044850000
	515  0.044853000
	516  0.044857000
	517  0.044860000
	518  0.044867000
	519  0.044869000
	520  0.044877000
	521  0.044885000
	522  0.045794000
	523  0.045859000
	524  0.045864000
	525  0.045864000
	526  0.045864000
	527  0.045864000
	528  0.045871000
	529  0.045873000
	530  0.045873000
	531  0.045875000
	532  0.046852000
	533  0.046856000
	534  0.046863000
	535  0.046865000
	536  0.046870000
	537  0.046870000
	538  0.046872000
	539  0.046879000
	540  0.046884000
	541  0.046912000
	542  0.047855000
	543  0.047861000
	544  0.047867000
	545  0.047870000
	546  0.047871000
	547  0.047873000
	548  0.047873000
	549  0.047874000
	550  0.048838000
	551  0.048850000
	552  0.048852000
	553  0.048860000
	554  0.048861000
	555  0.048862000
	556  0.048864000
	557  0.048865000
	558  0.048866000
	559  0.048867000
	560  0.048874000
	561  0.048881000
	562  0.049823000
	563  0.049851000
	564  0.049855000
	565  0.049856000
	566  0.049856000
	567  0.049857000
	568  0.049858000
	569  0.049859000
	570  0.049863000
	571  0.049863000
	572  0.049865000
	573  0.049866000
	574  0.049867000
	575  0.049867000
	576  0.049869000
	577  0.049878000
	578  0.049889000
	579  0.050850000
	580  0.050852000
	581  0.050853000
	582  0.050856000
	583  0.050856000
	584  0.050858000
	585  0.050860000
	586  0.050860000
	587  0.050862000
	588  0.050863000
	589  0.050864000
	590  0.050865000
	591  0.050866000
	592  0.050867000
	593  0.050876000
	594  0.051847000
	595  0.051851000
	596  0.051859000
	597  0.051876000
	598  0.051879000
	599  0.051900000
	600  0.052802000
	601  0.052836000
	602  0.052846000
	603  0.052852000
	604  0.052852000
	605  0.052855000
	606  0.052858000
	607  0.052863000
	608  0.052869000
	609  0.052871000
	610  0.052874000
	611  0.052874000
	612  0.052875000
	613  0.052878000
	614  0.052885000
	615  0.052904000
	616  0.053766000
	617  0.053852000
	618  0.053858000
	619  0.053859000
	620  0.053863000
	621  0.053867000
	622  0.053867000
	623  0.054826000
	624  0.054845000
	625  0.054850000
	626  0.054853000
	627  0.054855000
	628  0.054860000
	629  0.054861000
	630  0.054864000
	631  0.054867000
	632  0.054867000
	633  0.054870000
	634  0.054870000
	635  0.054871000
	636  0.054872000
	637  0.054872000
	638  0.054883000
	639  0.054886000
	640  0.054889000
	641  0.054889000
	642  0.054894000
	643  0.055845000
	644  0.055851000
	645  0.055858000
	646  0.055863000
	647  0.055868000
	648  0.055873000
	649  0.055873000
	650  0.055873000
	651  0.055881000
	652  0.056850000
	653  0.056856000
	654  0.056859000
	655  0.056859000
	656  0.056859000
	657  0.056867000
	658  0.056873000
	659  0.056875000
	660  0.056875000
	661  0.056894000
	662  0.057811000
	663  0.057850000
	664  0.057851000
	665  0.057854000
	666  0.057855000
	667  0.057856000
	668  0.057859000
	669  0.057864000
	670  0.057869000
	671  0.057871000
	672  0.057872000
	673  0.057873000
	674  0.057874000
	675  0.057878000
	676  0.057881000
	677  0.057895000
	678  0.058845000
	679  0.058850000
	680  0.058866000
	681  0.058870000
	682  0.058873000
	683  0.058874000
	684  0.058874000
	685  0.058885000
	686  0.059845000
	687  0.059846000
	688  0.059852000
	689  0.059854000
	690  0.059864000
	691  0.059867000
	692  0.059876000
	693  0.059885000
	694  0.060844000
	695  0.060856000
	696  0.060859000
	697  0.060870000
	698  0.060871000
	699  0.060873000
	700  0.060881000
	701  0.061850000
	702  0.061857000
	703  0.061861000
	704  0.061869000
	705  0.061870000
	706  0.061871000
	707  0.061890000
	708  0.062834000
	709  0.062853000
	710  0.062858000
	711  0.062862000
	712  0.062864000
	713  0.062870000
	714  0.062872000
	715  0.062873000
	716  0.062878000
	717  0.062879000
	718  0.062883000
	719  0.063837000
	720  0.063854000
	721  0.063855000
	722  0.063858000
	723  0.063861000
	724  0.063863000
	725  0.063867000
	726  0.063869000
	727  0.063870000
	728  0.063874000
	729  0.063876000
	730  0.063877000
	731  0.063887000
	732  0.063892000
	733  0.064801000
	734  0.064832000
	735  0.064851000
	736  0.064852000
	737  0.064861000
	738  0.064866000
	739  0.064866000
	740  0.064867000
	741  0.064876000
	742  0.064878000
	743  0.064886000
	744  0.065845000
	745  0.065845000
	746  0.065848000
	747  0.065852000
	748  0.065866000
	749  0.065866000
	750  0.065870000
	751  0.065880000
	752  0.066849000
	753  0.066856000
	754  0.066865000
	755  0.066868000
	756  0.066873000
	757  0.066875000
	758  0.067840000
	759  0.067854000
	760  0.067862000
	761  0.067870000
	762  0.067878000
	763  0.067878000
	764  0.067880000
	765  0.067884000
	766  0.068845000
	767  0.068857000
	768  0.068860000
	769  0.068863000
	770  0.068868000
	771  0.068873000
	772  0.068881000
	773  0.068892000
	774  0.069754000
	775  0.069860000
	776  0.069872000
	777  0.069892000
	778  0.070849000
	779  0.070855000
	780  0.070857000
	781  0.070859000
	782  0.070859000
	783  0.070862000
	784  0.070863000
	785  0.070869000
	786  0.070877000
	787  0.070878000
	788  0.070879000
	789  0.070881000
	790  0.071852000
	791  0.071855000
	792  0.071865000
	793  0.071869000
	794  0.071870000
	795  0.071873000
	796  0.071877000
	797  0.071882000
	798  0.071894000
	799  0.072855000
	800  0.072856000
	801  0.072862000
	802  0.072869000
	803  0.072871000
	804  0.072879000
	805  0.072882000
	806  0.072901000
	807  0.073841000
	808  0.073862000
	809  0.073863000
	810  0.073865000
	811  0.073872000
	812  0.073873000
	813  0.073893000
	814  0.074845000
	815  0.074855000
	816  0.074862000
	817  0.074864000
	818  0.074866000
	819  0.074878000
	820  0.075848000
	821  0.075867000
	822  0.075870000
	823  0.075877000
	824  0.075880000
	825  0.075885000
	826  0.075916000
	827  0.076850000
	828  0.076853000
	829  0.076854000
	830  0.076857000
	831  0.076865000
	832  0.076866000
	833  0.076871000
	834  0.076873000
	835  0.076889000
	836  0.076892000
	837  0.078857000
	838  0.078860000
	839  0.078866000
	840  0.078867000
	841  0.078868000
	842  0.078873000
	843  0.079854000
	844  0.079864000
	845  0.079864000
	846  0.079870000
	847  0.079878000
	848  0.079886000
	849  0.080824000
	850  0.080857000
	851  0.080860000
	852  0.080872000
	853  0.080872000
	854  0.081848000
	855  0.081865000
	856  0.082788000
	857  0.082828000
	858  0.082868000
	859  0.082869000
	860  0.082871000
	861  0.082873000
	862  0.082877000
	863  0.082884000
	864  0.083840000
	865  0.083859000
	866  0.083866000
	867  0.084784000
	868  0.084866000
	869  0.085863000
	870  0.086857000
	871  0.086870000
	872  0.087854000
	873  0.087865000
	874  0.088866000
	875  0.088879000
	876  0.089838000
	877  0.089884000
	878  0.090863000
	879  0.090866000
	880  0.090873000
	881  0.091859000
	882  0.091873000
	883  0.091874000
	884  0.091886000
	885  0.091887000
	886  0.091912000
	887  0.092841000
	888  0.092850000
	889  0.092852000
	890  0.092852000
	891  0.092853000
	892  0.092860000
	893  0.092871000
	894  0.092877000
	895  0.093830000
	896  0.093842000
	897  0.093856000
	898  0.093871000
	899  0.093882000
	900  0.094852000
	901  0.094857000
	902  0.094874000
	903  0.095863000
	904  0.095864000
	905  0.095876000
	906  0.096853000
	907  0.096855000
	908  0.096859000
	909  0.096865000
	910  0.098864000
	911  0.099822000
	912  0.099855000
	913  0.099856000
	914  0.099861000
	915  0.099882000
	916  0.100856000
	917  0.100866000
	918  0.101855000
	919  0.101865000
	920  0.102854000
	921  0.102884000
	922  0.103847000
	923  0.103854000
	924  0.103860000
	925  0.103863000
	926  0.103868000
	927  0.104835000
	928  0.104857000
	929  0.104860000
	930  0.104876000
	931  0.104878000
	932  0.104884000
	933  0.105858000
	934  0.107856000
	935  0.108848000
	936  0.108869000
	937  0.109844000
	938  0.109851000
	939  0.109853000
	940  0.109862000
	941  0.109905000
	942  0.110851000
	943  0.110855000
	944  0.110856000
	945  0.110862000
	946  0.112853000
	947  0.112857000
	948  0.112862000
	949  0.112868000
	950  0.116868000
	951  0.116872000
	952  0.116880000
	953  0.117850000
	954  0.117851000
	955  0.118844000
	956  0.118867000
	957  0.119892000
	958  0.120852000
	959  0.120884000
	960  0.121856000
	961  0.121858000
	962  0.122849000
	963  0.122865000
	964  0.122869000
	965  0.123864000
	966  0.123865000
	967  0.123865000
	968  0.124881000
	969  0.124889000
	970  0.125864000
	971  0.128844000
	972  0.128850000
	973  0.128855000
	974  0.131838000
	975  0.133846000
	976  0.133865000
	977  0.135857000
	978  0.135859000
	979  0.136872000
	980  0.137851000
	981  0.137861000
	982  0.137872000
	983  0.140824000
	984  0.141863000
	985  0.143873000
	986  0.145856000
	987  0.146839000
	988  0.146865000
	989  0.150860000
	990  0.150875000
	991  0.151845000
	992  0.153858000
	993  0.154871000
	994  0.155867000
	995  0.156853000
	996  0.156873000
	997  0.157865000
	998  0.168872000
	999  0.173876000
