	0  0.001742000
	1  0.001847000
	2  0.001849000
	3  0.001852000
	4  0.001859000
	5  0.001882000
	6  0.001883000
	7  0.002750000
	8  0.002755000
	9  0.002839000
	10  0.002839000
	11  0.002840000
	12  0.002842000
	13  0.002847000
	14  0.002854000
	15  0.002854000
	16  0.002857000
	17  0.002859000
	18  0.002859000
	19  0.002862000
	20  0.002866000
	21  0.002932000
	22  0.003734000
	23  0.003738000
	24  0.003749000
	25  0.003831000
	26  0.003832000
	27  0.003834000
	28  0.003834000
	29  0.003834000
	30  0.003837000
	31  0.003844000
	32  0.003847000
	33  0.003854000
	34  0.003857000
	35  0.003859000
	36  0.003862000
	37  0.003862000
	38  0.003876000
	39  0.003885000
	40  0.003891000
	41  0.003918000
	42  0.004720000
	43  0.004737000
	44  0.004741000
	45  0.004745000
	46  0.004771000
	47  0.004805000
	48  0.004829000
	49  0.004832000
	50  0.004832000
	51  0.004838000
	52  0.004858000
	53  0.004860000
	54  0.004865000
	55  0.004895000
	56  0.004903000
	57  0.004905000
	58  0.005769000
	59  0.005796000
	60  0.005832000
	61  0.005837000
	62  0.005837000
	63  0.005844000
	64  0.005848000
	65  0.005852000
	66  0.005852000
	67  0.005855000
	68  0.005855000
	69  0.005856000
	70  0.005862000
	71  0.005886000
	72  0.005888000
	73  0.005902000
	74  0.006784000
	75  0.006824000
	76  0.006830000
	77  0.006839000
	78  0.006844000
	79  0.006845000
	80  0.006855000
	81  0.006856000
	82  0.006858000
	83  0.006859000
	84  0.006866000
	85  0.006875000
	86  0.006878000
	87  0.006890000
	88  0.006899000
	89  0.007812000
	90  0.007823000
	91  0.007826000
	92  0.007828000
	93  0.007836000
	94  0.007843000
	95  0.007848000
	96  0.007849000
	97  0.007859000
	98  0.007870000
	99  0.007879000
	100  0.008776000
	101  0.008825000
	102  0.008826000
	103  0.008831000
	104  0.008835000
	105  0.008837000
	106  0.008840000
	107  0.008843000
	108  0.008848000
	109  0.008849000
	110  0.008851000
	111  0.008854000
	112  0.008856000
	113  0.008859000
	114  0.008861000
	115  0.008863000
	116  0.008872000
	117  0.008959000
	118  0.009822000
	119  0.009831000
	120  0.009834000
	121  0.009844000
	122  0.009846000
	123  0.009855000
	124  0.009858000
	125  0.009858000
	126  0.009864000
	127  0.009867000
	128  0.009889000
	129  0.009891000
	130  0.010777000
	131  0.010828000
	132  0.010835000
	133  0.010837000
	134  0.010840000
	135  0.010843000
	136  0.010845000
	137  0.010848000
	138  0.010856000
	139  0.010856000
	140  0.010866000
	141  0.010880000
	142  0.010887000
	143  0.010938000
	144  0.011816000
	145  0.011835000
	146  0.011837000
	147  0.011842000
	148  0.011843000
	149  0.011843000
	150  0.011844000
	151  0.011846000
	152  0.011850000
	153  0.011854000
	154  0.011857000
	155  0.011871000
	156  0.011886000
	157  0.011890000
	158  0.011894000
	159  0.011910000
	160  0.012811000
	161  0.012815000
	162  0.012822000
	163  0.012828000
	164  0.012836000
	165  0.012837000
	166  0.012839000
	167  0.012842000
	168  0.012843000
	169  0.012850000
	170  0.012850000
	171  0.012885000
	172  0.012892000
	173  0.012913000
	174  0.012924000
	175  0.013797000
	176  0.013808000
	177  0.013825000
	178  0.013829000
	179  0.013832000
	180  0.013835000
	181  0.013837000
	182  0.013839000
	183  0.013844000
	184  0.013848000
	185  0.013858000
	186  0.013863000
	187  0.013868000
	188  0.013873000
	189  0.014822000
	190  0.014829000
	191  0.014834000
	192  0.014839000
	193  0.014846000
	194  0.014846000
	195  0.014857000
	196  0.014857000
	197  0.014870000
	198  0.014882000
	199  0.014938000
	200  0.015811000
	201  0.015824000
	202  0.015828000
	203  0.015829000
	204  0.015829000
	205  0.015830000
	206  0.015838000
	207  0.015839000
	208  0.015839000
	209  0.015843000
	210  0.015843000
	211  0.015844000
	212  0.015848000
	213  0.015850000
	214  0.015851000
	215  0.015853000
	216  0.015876000
	217  0.015904000
	218  0.016802000
	219  0.016834000
	220  0.016846000
	221  0.016855000
	222  0.016887000
	223  0.017830000
	224  0.017835000
	225  0.017837000
	226  0.017837000
	227  0.017839000
	228  0.017839000
	229  0.017841000
	230  0.017846000
	231  0.017848000
	232  0.017853000
	233  0.017872000
	234  0.017875000
	235  0.018799000
	236  0.018802000
	237  0.018826000
	238  0.018828000
	239  0.018833000
	240  0.018842000
	241  0.018875000
	242  0.018882000
	243  0.018895000
	244  0.019750000
	245  0.019828000
	246  0.019828000
	247  0.019831000
	248  0.019831000
	249  0.019833000
	250  0.019836000
	251  0.019842000
	252  0.019845000
	253  0.019848000
	254  0.019865000
	255  0.019879000
	256  0.019888000
	257  0.019939000
	258  0.020803000
	259  0.020818000
	260  0.020823000
	261  0.020837000
	262  0.020838000
	263  0.020845000
	264  0.020863000
	265  0.020885000
	266  0.020894000
	267  0.020904000
	268  0.020925000
	269  0.020938000
	270  0.021772000
	271  0.021819000
	272  0.021822000
	273  0.021824000
	274  0.021828000
	275  0.021836000
	276  0.021836000
	277  0.021839000
	278  0.021839000
	279  0.021841000
	280  0.021843000
	281  0.021843000
	282  0.021844000
	283  0.021856000
	284  0.021859000
	285  0.021901000
	286  0.021934000
	287  0.022796000
	288  0.022800000
	289  0.022820000
	290  0.022827000
	291  0.022828000
	292  0.022831000
	293  0.022839000
	294  0.022842000
	295  0.022843000
	296  0.022843000
	297  0.022844000
	298  0.022845000
	299  0.022850000
	300  0.022850000
	301  0.022859000
	302  0.022891000
	303  0.022977000
	304  0.023803000
	305  0.023827000
	306  0.023830000
	307  0.023831000
	308  0.023832000
	309  0.023835000
	310  0.023835000
	311  0.023843000
	312  0.023847000
	313  0.023854000
	314  0.023884000
	315  0.023895000
	316  0.024806000
	317  0.024820000
	318  0.024834000
	319  0.024842000
	320  0.024844000
	321  0.024852000
	322  0.024855000
	323  0.024868000
	324  0.024930000
	325  0.025839000
	326  0.025841000
	327  0.025867000
	328  0.025869000
	329  0.025918000
	330  0.026793000
	331  0.026816000
	332  0.026817000
	333  0.026825000
	334  0.026826000
	335  0.026830000
	336  0.026836000
	337  0.026838000
	338  0.026839000
	339  0.026840000
	340  0.026841000
	341  0.026842000
	342  0.026850000
	343  0.026875000
	344  0.026898000
	345  0.027819000
	346  0.027822000
	347  0.027827000
	348  0.027828000
	349  0.027832000
	350  0.027836000
	351  0.027848000
	352  0.027850000
	353  0.027884000
	354  0.028836000
	355  0.028836000
	356  0.028837000
	357  0.028842000
	358  0.028847000
	359  0.028848000
	360  0.028859000
	361  0.028860000
	362  0.028865000
	363  0.028891000
	364  0.028894000
	365  0.029800000
	366  0.029829000
	367  0.029840000
	368  0.029841000
	369  0.029844000
	370  0.029865000
	371  0.029880000
	372  0.029881000
	373  0.029895000
	374  0.029906000
	375  0.030817000
	376  0.030834000
	377  0.030835000
	378  0.030836000
	379  0.030838000
	380  0.030907000
	381  0.031773000
	382  0.031792000
	383  0.031798000
	384  0.031820000
	385  0.031837000
	386  0.031838000
	387  0.031840000
	388  0.031842000
	389  0.031863000
	390  0.031896000
	391  0.031956000
	392  0.032802000
	393  0.032822000
	394  0.032825000
	395  0.032834000
	396  0.032840000
	397  0.032842000
	398  0.032846000
	399  0.032889000
	400  0.032915000
	401  0.033802000
	402  0.033827000
	403  0.033834000
	404  0.033839000
	405  0.033841000
	406  0.033845000
	407  0.033851000
	408  0.033853000
	409  0.033855000
	410  0.033856000
	411  0.033857000
	412  0.033920000
	413  0.034819000
	414  0.034825000
	415  0.034828000
	416  0.034831000
	417  0.034834000
	418  0.034835000
	419  0.034839000
	420  0.034851000
	421  0.034853000
	422  0.034872000
	423  0.034874000
	424  0.034890000
	425  0.035822000
	426  0.035834000
	427  0.035834000
	428  0.035839000
	429  0.035840000
	430  0.035844000
	431  0.035846000
	432  0.035847000
	433  0.035860000
	434  0.035881000
	435  0.035939000
	436  0.036826000
	437  0.036830000
	438  0.036832000
	439  0.036834000
	440  0.036839000
	441  0.036843000
	442  0.036847000
	443  0.036858000
	444  0.036889000
	445  0.036890000
	446  0.036941000
	447  0.037818000
	448  0.037824000
	449  0.037833000
	450  0.037844000
	451  0.037853000
	452  0.037863000
	453  0.037880000
	454  0.037887000
	455  0.038830000
	456  0.038834000
	457  0.038835000
	458  0.038835000
	459  0.038836000
	460  0.038836000
	461  0.038841000
	462  0.038843000
	463  0.038848000
	464  0.038850000
	465  0.038867000
	466  0.038921000
	467  0.038933000
	468  0.039780000
	469  0.039784000
	470  0.039834000
	471  0.039834000
	472  0.039844000
	473  0.039876000
	474  0.040832000
	475  0.040834000
	476  0.040834000
	477  0.040846000
	478  0.040851000
	479  0.040884000
	480  0.040890000
	481  0.040899000
	482  0.041828000
	483  0.041845000
	484  0.041868000
	485  0.041888000
	486  0.041902000
	487  0.041935000
	488  0.042816000
	489  0.042817000
	490  0.042831000
	491  0.042886000
	492  0.043826000
	493  0.043831000
	494  0.043839000
	495  0.043842000
	496  0.043845000
	497  0.043846000
	498  0.043849000
	499  0.043854000
	500  0.043859000
	501  0.043861000
	502  0.043891000
	503  0.044828000
	504  0.044842000
	505  0.044844000
	506  0.044844000
	507  0.044849000
	508  0.044854000
	509  0.044855000
	510  0.044857000
	511  0.044888000
	512  0.044891000
	513  0.045795000
	514  0.045798000
	515  0.045809000
	516  0.045816000
	517  0.045832000
	518  0.045837000
	519  0.045861000
	520  0.045922000
	521  0.046805000
	522  0.046836000
	523  0.046837000
	524  0.046908000
	525  0.046931000
	526  0.047826000
	527  0.047831000
	528  0.047835000
	529  0.047838000
	530  0.047839000
	531  0.047846000
	532  0.047860000
	533  0.047881000
	534  0.048802000
	535  0.048834000
	536  0.048838000
	537  0.048841000
	538  0.048842000
	539  0.048891000
	540  0.048901000
	541  0.049814000
	542  0.049820000
	543  0.049821000
	544  0.049835000
	545  0.049835000
	546  0.049886000
	547  0.049887000
	548  0.049906000
	549  0.050827000
	550  0.050832000
	551  0.050837000
	552  0.050843000
	553  0.050846000
	554  0.050870000
	555  0.051816000
	556  0.051836000
	557  0.051840000
	558  0.051897000
	559  0.051899000
	560  0.052817000
	561  0.052826000
	562  0.052843000
	563  0.052846000
	564  0.052860000
	565  0.052870000
	566  0.052885000
	567  0.052892000
	568  0.053796000
	569  0.053806000
	570  0.053809000
	571  0.053821000
	572  0.053834000
	573  0.053835000
	574  0.053838000
	575  0.053844000
	576  0.053846000
	577  0.053876000
	578  0.053883000
	579  0.053891000
	580  0.053896000
	581  0.054811000
	582  0.054824000
	583  0.054825000
	584  0.054831000
	585  0.054838000
	586  0.054839000
	587  0.054850000
	588  0.054855000
	589  0.054867000
	590  0.055822000
	591  0.055823000
	592  0.055835000
	593  0.055838000
	594  0.055841000
	595  0.055842000
	596  0.055843000
	597  0.055848000
	598  0.055879000
	599  0.055928000
	600  0.056812000
	601  0.056816000
	602  0.056839000
	603  0.056847000
	604  0.056850000
	605  0.056858000
	606  0.056867000
	607  0.056880000
	608  0.056899000
	609  0.057840000
	610  0.057841000
	611  0.057897000
	612  0.058837000
	613  0.058855000
	614  0.058860000
	615  0.058882000
	616  0.058885000
	617  0.058893000
	618  0.058930000
	619  0.059832000
	620  0.059835000
	621  0.059839000
	622  0.059859000
	623  0.059938000
	624  0.060820000
	625  0.060844000
	626  0.060845000
	627  0.060845000
	628  0.060857000
	629  0.060881000
	630  0.061833000
	631  0.061844000
	632  0.061846000
	633  0.061846000
	634  0.061846000
	635  0.061848000
	636  0.061853000
	637  0.061854000
	638  0.061864000
	639  0.062822000
	640  0.062831000
	641  0.062834000
	642  0.062850000
	643  0.062852000
	644  0.062855000
	645  0.062857000
	646  0.062871000
	647  0.063821000
	648  0.063840000
	649  0.063842000
	650  0.063846000
	651  0.063889000
	652  0.064816000
	653  0.064819000
	654  0.064821000
	655  0.064839000
	656  0.064893000
	657  0.064956000
	658  0.065831000
	659  0.065837000
	660  0.065842000
	661  0.065845000
	662  0.065846000
	663  0.065850000
	664  0.065873000
	665  0.065885000
	666  0.066840000
	667  0.066841000
	668  0.066841000
	669  0.066854000
	670  0.067835000
	671  0.067840000
	672  0.067842000
	673  0.067845000
	674  0.067854000
	675  0.068835000
	676  0.068836000
	677  0.068842000
	678  0.068849000
	679  0.068872000
	680  0.068875000
	681  0.068876000
	682  0.068877000
	683  0.068877000
	684  0.068880000
	685  0.068890000
	686  0.068890000
	687  0.068923000
	688  0.068924000
	689  0.069822000
	690  0.069823000
	691  0.069841000
	692  0.069843000
	693  0.069847000
	694  0.069853000
	695  0.069866000
	696  0.069870000
	697  0.069885000
	698  0.069911000
	699  0.069964000
	700  0.070841000
	701  0.070842000
	702  0.070843000
	703  0.070846000
	704  0.070856000
	705  0.070909000
	706  0.071825000
	707  0.071842000
	708  0.072853000
	709  0.072896000
	710  0.072912000
	711  0.073824000
	712  0.073835000
	713  0.073836000
	714  0.073836000
	715  0.073840000
	716  0.073844000
	717  0.073845000
	718  0.073857000
	719  0.073860000
	720  0.073887000
	721  0.073902000
	722  0.073947000
	723  0.074765000
	724  0.074822000
	725  0.074823000
	726  0.074838000
	727  0.074842000
	728  0.074852000
	729  0.074854000
	730  0.074873000
	731  0.074883000
	732  0.074884000
	733  0.074886000
	734  0.074887000
	735  0.074889000
	736  0.074897000
	737  0.074903000
	738  0.074918000
	739  0.074920000
	740  0.074926000
	741  0.074928000
	742  0.075833000
	743  0.075833000
	744  0.075833000
	745  0.075844000
	746  0.075931000
	747  0.076801000
	748  0.076816000
	749  0.076831000
	750  0.076855000
	751  0.076868000
	752  0.076888000
	753  0.076906000
	754  0.076913000
	755  0.076917000
	756  0.077826000
	757  0.077830000
	758  0.077832000
	759  0.077833000
	760  0.077845000
	761  0.077846000
	762  0.077847000
	763  0.077854000
	764  0.077854000
	765  0.077889000
	766  0.078821000
	767  0.078832000
	768  0.078835000
	769  0.078837000
	770  0.078839000
	771  0.078842000
	772  0.078858000
	773  0.078873000
	774  0.078881000
	775  0.078883000
	776  0.078927000
	777  0.079801000
	778  0.079803000
	779  0.079823000
	780  0.079832000
	781  0.079835000
	782  0.079835000
	783  0.079837000
	784  0.079843000
	785  0.079844000
	786  0.079849000
	787  0.080824000
	788  0.080832000
	789  0.080839000
	790  0.080839000
	791  0.080841000
	792  0.080841000
	793  0.080859000
	794  0.080865000
	795  0.080879000
	796  0.080955000
	797  0.081834000
	798  0.081837000
	799  0.081839000
	800  0.081846000
	801  0.081849000
	802  0.081855000
	803  0.081862000
	804  0.081868000
	805  0.081881000
	806  0.081886000
	807  0.081953000
	808  0.082879000
	809  0.083825000
	810  0.083831000
	811  0.083831000
	812  0.083832000
	813  0.083837000
	814  0.083849000
	815  0.084837000
	816  0.084839000
	817  0.084854000
	818  0.084920000
	819  0.085781000
	820  0.085834000
	821  0.085841000
	822  0.085845000
	823  0.085850000
	824  0.085851000
	825  0.085853000
	826  0.085879000
	827  0.086828000
	828  0.086830000
	829  0.086843000
	830  0.086844000
	831  0.086861000
	832  0.086892000
	833  0.086900000
	834  0.086912000
	835  0.087749000
	836  0.087783000
	837  0.087833000
	838  0.087845000
	839  0.087847000
	840  0.087852000
	841  0.087856000
	842  0.087868000
	843  0.087887000
	844  0.087934000
	845  0.088832000
	846  0.088840000
	847  0.088841000
	848  0.088842000
	849  0.088843000
	850  0.088845000
	851  0.088855000
	852  0.088895000
	853  0.089835000
	854  0.089840000
	855  0.089859000
	856  0.089869000
	857  0.089873000
	858  0.089899000
	859  0.090823000
	860  0.090829000
	861  0.090854000
	862  0.091824000
	863  0.091849000
	864  0.091862000
	865  0.091879000
	866  0.092832000
	867  0.092842000
	868  0.092844000
	869  0.092845000
	870  0.092914000
	871  0.093820000
	872  0.093835000
	873  0.093861000
	874  0.093892000
	875  0.094785000
	876  0.094829000
	877  0.094833000
	878  0.094843000
	879  0.094849000
	880  0.094850000
	881  0.095830000
	882  0.095833000
	883  0.095837000
	884  0.095843000
	885  0.095844000
	886  0.095862000
	887  0.095937000
	888  0.096799000
	889  0.096836000
	890  0.097835000
	891  0.097836000
	892  0.097879000
	893  0.097885000
	894  0.097888000
	895  0.097922000
	896  0.098827000
	897  0.098846000
	898  0.098872000
	899  0.098873000
	900  0.098919000
	901  0.099833000
	902  0.099843000
	903  0.099846000
	904  0.099874000
	905  0.099882000
	906  0.099909000
	907  0.099920000
	908  0.100823000
	909  0.100880000
	910  0.100883000
	911  0.101816000
	912  0.101834000
	913  0.101835000
	914  0.101839000
	915  0.101912000
	916  0.102837000
	917  0.102853000
	918  0.102880000
	919  0.102881000
	920  0.102919000
	921  0.102942000
	922  0.103786000
	923  0.103837000
	924  0.103842000
	925  0.103848000
	926  0.103883000
	927  0.104786000
	928  0.104815000
	929  0.104845000
	930  0.104846000
	931  0.104901000
	932  0.104904000
	933  0.104907000
	934  0.104910000
	935  0.104938000
	936  0.105842000
	937  0.105874000
	938  0.106824000
	939  0.106827000
	940  0.106839000
	941  0.106846000
	942  0.106873000
	943  0.106928000
	944  0.107880000
	945  0.108824000
	946  0.108888000
	947  0.108929000
	948  0.109828000
	949  0.109844000
	950  0.109890000
	951  0.109894000
	952  0.109915000
	953  0.110849000
	954  0.110855000
	955  0.110923000
	956  0.110953000
	957  0.111823000
	958  0.111835000
	959  0.112868000
	960  0.112946000
	961  0.113825000
	962  0.113842000
	963  0.113921000
	964  0.113928000
	965  0.114836000
	966  0.114841000
	967  0.114857000
	968  0.114889000
	969  0.115804000
	970  0.115831000
	971  0.115837000
	972  0.115873000
	973  0.115929000
	974  0.115932000
	975  0.116856000
	976  0.116880000
	977  0.116903000
	978  0.116906000
	979  0.116929000
	980  0.116940000
	981  0.117857000
	982  0.117889000
	983  0.117936000
	984  0.118835000
	985  0.118857000
	986  0.119843000
	987  0.121836000
	988  0.122834000
	989  0.122939000
	990  0.123836000
	991  0.123854000
	992  0.123875000
	993  0.126840000
	994  0.127838000
	995  0.128835000
	996  0.130832000
	997  0.132815000
	998  0.133827000
	999  0.134835000
